0.000000000000000000e+00
0.000000000000000000e+00
0.000000000000000000e+00
0.000000000000000000e+00
0.000000000000000000e+00
6.097560975609756092e-04
6.097560975609756092e-04
1.219512195121951218e-03
1.219512195121951218e-03
1.219512195121951218e-03
3.048780487804878155e-03
3.048780487804878155e-03
4.268292682926829590e-03
4.268292682926829590e-03
4.878048780487804874e-03
4.878048780487804874e-03
5.487804878048780158e-03
5.487804878048780158e-03
6.097560975609756309e-03
6.097560975609756309e-03
7.926829268292683028e-03
7.926829268292683028e-03
9.756097560975609748e-03
9.756097560975609748e-03
9.756097560975609748e-03
1.097560975609756032e-02
1.097560975609756032e-02
1.158536585365853647e-02
1.158536585365853647e-02
1.158536585365853647e-02
1.158536585365853647e-02
1.219512195121951262e-02
1.219512195121951262e-02
1.280487804878048703e-02
1.280487804878048703e-02
1.402439024390243934e-02
1.402439024390243934e-02
1.524390243902438991e-02
1.524390243902438991e-02
1.585365853658536606e-02
1.585365853658536606e-02
1.646341463414634221e-02
1.646341463414634221e-02
1.646341463414634221e-02
1.646341463414634221e-02
1.646341463414634221e-02
1.707317073170731836e-02
1.707317073170731836e-02
1.890243902439024334e-02
1.890243902439024334e-02
2.012195121951219565e-02
2.012195121951219565e-02
2.378048780487804909e-02
2.378048780487804909e-02
2.439024390243902524e-02
2.439024390243902524e-02
2.500000000000000139e-02
2.500000000000000139e-02
2.743902439024390252e-02
2.743902439024390252e-02
2.987804878048780366e-02
2.987804878048780366e-02
3.048780487804877981e-02
3.048780487804877981e-02
3.109756097560975596e-02
3.109756097560975596e-02
3.109756097560975596e-02
3.231707317073170826e-02
3.231707317073170826e-02
3.292682926829268442e-02
3.292682926829268442e-02
3.353658536585366057e-02
3.353658536585366057e-02
3.475609756097561287e-02
3.475609756097561287e-02
3.597560975609755823e-02
3.597560975609755823e-02
3.719512195121951054e-02
3.719512195121951054e-02
3.841463414634146284e-02
3.841463414634146284e-02
3.963414634146341514e-02
3.963414634146341514e-02
4.024390243902439129e-02
4.024390243902439129e-02
4.268292682926829590e-02
4.268292682926829590e-02
4.329268292682926511e-02
4.329268292682926511e-02
4.634146341463414587e-02
4.634146341463414587e-02
4.817073170731707432e-02
4.817073170731707432e-02
4.878048780487805047e-02
4.878048780487805047e-02
4.939024390243902662e-02
4.939024390243902662e-02
5.121951219512194814e-02
5.182926829268292429e-02
5.182926829268292429e-02
5.365853658536585274e-02
5.365853658536585274e-02
5.365853658536585274e-02
5.365853658536585274e-02
5.487804878048780505e-02
5.487804878048780505e-02
5.548780487804878120e-02
5.548780487804878120e-02
5.670731707317073350e-02
5.670731707317073350e-02
5.731707317073170965e-02
5.731707317073170965e-02
5.853658536585366196e-02
5.853658536585366196e-02
5.853658536585366196e-02
5.853658536585366196e-02
5.914634146341463117e-02
5.914634146341463117e-02
5.975609756097560732e-02
5.975609756097560732e-02
6.036585365853658347e-02
6.036585365853658347e-02
6.036585365853658347e-02
6.036585365853658347e-02
6.097560975609755962e-02
6.097560975609755962e-02
6.097560975609755962e-02
6.097560975609755962e-02
6.219512195121951192e-02
6.219512195121951192e-02
6.341463414634146423e-02
6.341463414634146423e-02
6.829268292682927344e-02
6.829268292682927344e-02
6.890243902439024959e-02
6.890243902439024959e-02
6.951219512195122574e-02
6.951219512195122574e-02
7.621951219512194953e-02
7.621951219512194953e-02
7.682926829268292568e-02
7.682926829268292568e-02
7.926829268292683028e-02
7.926829268292683028e-02
8.231707317073171104e-02
8.231707317073171104e-02
8.902439024390243483e-02
8.902439024390243483e-02
9.451219512195122019e-02
9.451219512195122019e-02
9.573170731707317249e-02
9.573170731707317249e-02
9.756097560975610095e-02
9.878048780487805325e-02
1.036585365853658486e-01
1.036585365853658486e-01
1.042682926829268247e-01
1.042682926829268247e-01
1.128048780487804909e-01
1.128048780487804909e-01
1.140243902439024432e-01
1.176829268292682862e-01
1.176829268292682862e-01
1.176829268292682862e-01
1.189024390243902385e-01
1.256097560975609762e-01
1.256097560975609762e-01
1.329268292682926900e-01
1.329268292682926900e-01
1.371951219512195230e-01
1.371951219512195230e-01
1.469512195121951137e-01
1.469512195121951137e-01
1.487804878048780421e-01
1.487804878048780421e-01
1.493902439024390183e-01
1.493902439024390183e-01
1.524390243902438991e-01
1.524390243902438991e-01
1.536585365853658514e-01
1.536585365853658514e-01
1.628048780487804936e-01
1.628048780487804936e-01
1.634146341463414698e-01
1.646341463414634221e-01
1.719512195121951081e-01
1.719512195121951081e-01
1.786585365853658458e-01
1.786585365853658458e-01
1.798780487804877981e-01
1.798780487804877981e-01
1.810975609756097504e-01
1.810975609756097504e-01
1.951219512195122019e-01
1.951219512195122019e-01
1.987804878048780588e-01
1.987804878048780588e-01
2.024390243902439157e-01
2.024390243902439157e-01
2.140243902439024348e-01
2.152439024390243871e-01
2.158536585365853633e-01
2.158536585365853633e-01
2.201219512195121963e-01
2.201219512195121963e-01
2.268292682926829340e-01
2.268292682926829340e-01
2.280487804878048863e-01
2.280487804878048863e-01
2.298780487804878148e-01
2.298780487804878148e-01
2.371951219512195008e-01
2.371951219512195008e-01
2.396341463414634054e-01
2.396341463414634054e-01
2.493902439024390238e-01
2.493902439024390238e-01
2.786585365853658791e-01
2.786585365853658791e-01
2.798780487804878314e-01
2.798780487804878314e-01
2.847560975609755851e-01
2.847560975609755851e-01
2.865853658536585136e-01
2.865853658536585136e-01
2.890243902439024182e-01
2.902439024390243705e-01
3.024390243902438935e-01
3.024390243902438935e-01
3.134146341463414642e-01
3.134146341463414642e-01
3.176829268292682973e-01
3.176829268292682973e-01
3.182926829268292734e-01
3.182926829268292734e-01
3.225609756097561065e-01
3.225609756097561065e-01
3.256097560975609873e-01
3.268292682926829396e-01
3.280487804878048919e-01
3.280487804878048919e-01
3.847560975609756184e-01
3.859756097560975707e-01
3.951219512195122130e-01
3.963414634146341653e-01
4.091463414634146090e-01
4.091463414634146090e-01
4.115853658536585136e-01
4.115853658536585136e-01
4.134146341463414420e-01
4.146341463414633943e-01
4.390243902439024404e-01
4.390243902439024404e-01
4.432926829268292734e-01
4.432926829268292734e-01
4.500000000000000111e-01
4.500000000000000111e-01
4.719512195121950970e-01
4.731707317073170493e-01
4.810975609756097393e-01
4.810975609756097393e-01
5.170731707317073322e-01
5.170731707317073322e-01
5.262195121951219745e-01
5.262195121951219745e-01
5.286585365853658791e-01
5.286585365853658791e-01
5.317073170731707599e-01
5.317073170731707599e-01
5.378048780487805214e-01
5.390243902439024737e-01
5.396341463414634498e-01
5.396341463414634498e-01
6.024390243902438824e-01
6.036585365853658347e-01
6.274390243902439046e-01
6.286585365853658569e-01
6.530487804878049030e-01
6.530487804878049030e-01
6.865853658536585913e-01
6.865853658536585913e-01
7.170731707317072878e-01
7.182926829268292401e-01
7.189024390243902163e-01
7.213414634146341209e-01
7.268292682926829062e-01
7.268292682926829062e-01
7.475609756097560954e-01
7.475609756097560954e-01
7.829268292682927122e-01
7.841463414634146645e-01
8.030487804878049252e-01
8.042682926829268775e-01
8.067073170731707821e-01
8.079268292682927344e-01
8.195121951219511702e-01
8.195121951219511702e-01
8.207317073170731225e-01
8.207317073170731225e-01
8.670731707317073100e-01
8.670731707317073100e-01
8.908536585365853799e-01
8.920731707317073322e-01
9.487804878048780033e-01
9.487804878048780033e-01
1.000000000000000000e+00
