0.000000000000000000e+00
3.333333333333333547e-03
1.000000000000000021e-02
1.666666666666666644e-02
2.000000000000000042e-02
2.000000000000000042e-02
2.666666666666666838e-02
2.666666666666666838e-02
3.333333333333333287e-02
3.666666666666666685e-02
3.666666666666666685e-02
4.333333333333333481e-02
4.333333333333333481e-02
5.000000000000000278e-02
5.000000000000000278e-02
5.333333333333333676e-02
5.333333333333333676e-02
5.666666666666666380e-02
5.666666666666666380e-02
5.999999999999999778e-02
5.999999999999999778e-02
7.000000000000000666e-02
7.000000000000000666e-02
7.333333333333333370e-02
8.000000000000000167e-02
8.000000000000000167e-02
8.333333333333332871e-02
8.333333333333332871e-02
9.333333333333333759e-02
1.000000000000000056e-01
1.033333333333333326e-01
1.033333333333333326e-01
1.166666666666666685e-01
1.166666666666666685e-01
1.199999999999999956e-01
1.199999999999999956e-01
1.266666666666666774e-01
1.266666666666666774e-01
1.433333333333333404e-01
1.433333333333333404e-01
1.466666666666666674e-01
1.466666666666666674e-01
1.566666666666666763e-01
1.633333333333333304e-01
1.666666666666666574e-01
1.733333333333333393e-01
1.733333333333333393e-01
1.766666666666666663e-01
1.766666666666666663e-01
1.799999999999999933e-01
1.799999999999999933e-01
1.833333333333333204e-01
1.833333333333333204e-01
1.866666666666666752e-01
1.866666666666666752e-01
1.900000000000000022e-01
1.900000000000000022e-01
1.966666666666666563e-01
1.966666666666666563e-01
2.033333333333333381e-01
2.033333333333333381e-01
2.066666666666666652e-01
2.066666666666666652e-01
2.099999999999999922e-01
2.099999999999999922e-01
2.166666666666666741e-01
2.200000000000000011e-01
2.200000000000000011e-01
2.266666666666666552e-01
2.266666666666666552e-01
2.300000000000000100e-01
2.300000000000000100e-01
2.399999999999999911e-01
2.399999999999999911e-01
2.466666666666666730e-01
2.466666666666666730e-01
2.500000000000000000e-01
2.500000000000000000e-01
2.566666666666666541e-01
2.566666666666666541e-01
2.633333333333333082e-01
2.633333333333333082e-01
2.666666666666666630e-01
2.666666666666666630e-01
2.700000000000000178e-01
2.700000000000000178e-01
2.800000000000000266e-01
2.800000000000000266e-01
2.833333333333333259e-01
2.833333333333333259e-01
2.899999999999999800e-01
2.899999999999999800e-01
2.966666666666666896e-01
2.966666666666666896e-01
2.999999999999999889e-01
2.999999999999999889e-01
3.066666666666666430e-01
3.300000000000000155e-01
3.300000000000000155e-01
3.599999999999999867e-01
3.599999999999999867e-01
3.866666666666666585e-01
3.933333333333333126e-01
4.033333333333333215e-01
4.033333333333333215e-01
4.066666666666666763e-01
4.066666666666666763e-01
4.099999999999999756e-01
4.099999999999999756e-01
4.233333333333333393e-01
4.233333333333333393e-01
4.466666666666666563e-01
4.466666666666666563e-01
4.566666666666666652e-01
4.699999999999999734e-01
4.933333333333333459e-01
4.933333333333333459e-01
5.000000000000000000e-01
5.000000000000000000e-01
5.799999999999999600e-01
5.799999999999999600e-01
6.033333333333333881e-01
6.099999999999999867e-01
6.199999999999999956e-01
6.199999999999999956e-01
6.233333333333332948e-01
6.300000000000000044e-01
6.666666666666666297e-01
6.666666666666666297e-01
6.800000000000000488e-01
6.800000000000000488e-01
7.099999999999999645e-01
7.099999999999999645e-01
7.133333333333333748e-01
7.133333333333333748e-01
7.366666666666666918e-01
7.366666666666666918e-01
7.633333333333333082e-01
7.633333333333333082e-01
7.666666666666667185e-01
7.666666666666667185e-01
7.700000000000000178e-01
7.700000000000000178e-01
7.733333333333333171e-01
7.733333333333333171e-01
7.766666666666666163e-01
7.766666666666666163e-01
7.800000000000000266e-01
7.800000000000000266e-01
7.833333333333333259e-01
7.833333333333333259e-01
7.866666666666666252e-01
7.866666666666666252e-01
7.866666666666666252e-01
7.866666666666666252e-01
7.900000000000000355e-01
7.900000000000000355e-01
7.933333333333333348e-01
7.933333333333333348e-01
7.966666666666666341e-01
7.966666666666666341e-01
7.966666666666666341e-01
8.000000000000000444e-01
8.066666666666666430e-01
8.066666666666666430e-01
8.066666666666666430e-01
8.100000000000000533e-01
8.100000000000000533e-01
8.166666666666666519e-01
8.166666666666666519e-01
8.199999999999999512e-01
8.199999999999999512e-01
8.233333333333333615e-01
8.233333333333333615e-01
8.299999999999999600e-01
8.299999999999999600e-01
8.333333333333333703e-01
8.333333333333333703e-01
8.366666666666666696e-01
8.366666666666666696e-01
8.399999999999999689e-01
8.399999999999999689e-01
8.433333333333333792e-01
8.433333333333333792e-01
8.433333333333333792e-01
8.433333333333333792e-01
8.466666666666666785e-01
8.466666666666666785e-01
8.499999999999999778e-01
8.499999999999999778e-01
8.533333333333333881e-01
8.533333333333333881e-01
8.566666666666666874e-01
8.566666666666666874e-01
8.599999999999999867e-01
8.599999999999999867e-01
8.633333333333332860e-01
8.633333333333332860e-01
8.699999999999999956e-01
8.699999999999999956e-01
8.699999999999999956e-01
8.699999999999999956e-01
8.733333333333332948e-01
8.733333333333332948e-01
8.766666666666667052e-01
8.766666666666667052e-01
8.800000000000000044e-01
8.800000000000000044e-01
8.833333333333333037e-01
8.833333333333333037e-01
8.866666666666667140e-01
8.866666666666667140e-01
8.900000000000000133e-01
8.900000000000000133e-01
8.933333333333333126e-01
8.933333333333333126e-01
8.966666666666666119e-01
8.966666666666666119e-01
9.000000000000000222e-01
9.000000000000000222e-01
9.033333333333333215e-01
9.033333333333333215e-01
9.066666666666666208e-01
9.066666666666666208e-01
9.133333333333333304e-01
9.133333333333333304e-01
9.133333333333333304e-01
9.133333333333333304e-01
9.166666666666666297e-01
9.166666666666666297e-01
9.200000000000000400e-01
9.200000000000000400e-01
9.233333333333333393e-01
9.233333333333333393e-01
9.266666666666666385e-01
9.266666666666666385e-01
9.300000000000000488e-01
9.300000000000000488e-01
9.300000000000000488e-01
9.300000000000000488e-01
9.333333333333333481e-01
9.333333333333333481e-01
9.333333333333333481e-01
9.333333333333333481e-01
9.333333333333333481e-01
9.333333333333333481e-01
9.366666666666666474e-01
9.366666666666666474e-01
9.433333333333333570e-01
9.433333333333333570e-01
9.433333333333333570e-01
9.433333333333333570e-01
9.466666666666666563e-01
9.466666666666666563e-01
9.499999999999999556e-01
9.499999999999999556e-01
9.533333333333333659e-01
9.533333333333333659e-01
9.533333333333333659e-01
9.533333333333333659e-01
9.566666666666666652e-01
9.566666666666666652e-01
9.599999999999999645e-01
9.599999999999999645e-01
9.633333333333333748e-01
9.633333333333333748e-01
9.666666666666666741e-01
9.666666666666666741e-01
9.699999999999999734e-01
9.699999999999999734e-01
9.699999999999999734e-01
9.699999999999999734e-01
9.733333333333333837e-01
9.733333333333333837e-01
9.733333333333333837e-01
9.733333333333333837e-01
9.733333333333333837e-01
9.733333333333333837e-01
9.766666666666666829e-01
9.766666666666666829e-01
9.799999999999999822e-01
9.799999999999999822e-01
9.799999999999999822e-01
9.799999999999999822e-01
9.799999999999999822e-01
9.799999999999999822e-01
9.833333333333332815e-01
9.833333333333332815e-01
9.866666666666666918e-01
9.866666666666666918e-01
9.866666666666666918e-01
9.866666666666666918e-01
9.866666666666666918e-01
9.866666666666666918e-01
9.866666666666666918e-01
9.866666666666666918e-01
9.899999999999999911e-01
9.899999999999999911e-01
9.933333333333332904e-01
9.933333333333332904e-01
9.966666666666667007e-01
9.966666666666667007e-01
9.966666666666667007e-01
9.966666666666667007e-01
1.000000000000000000e+00
1.000000000000000000e+00
